4294967278,43
4294967278,42
4294967278,41
4294967278,52
4294967278,51
4294967278,50
4294967278,49
4294967278,48
4294967278,47
4294967278,46
4294967278,45
4294967278,44
4294967279,153
4294967279,152
4294967294,30
4294967294,61
4294967279,151
4294967294,12
4294967279,150
4294967279,538
4294967279,323
4294967279,146
4294967279,145
4294967279,144
4294967279,143
4294967279,142
4294967279,140
4294967279,139
4294967279,272
4294967279,136
4294967279,134
4294967279,133
4294967279,271
4294967279,270
4294967278,260
4294967278,62
4294967278,61
4294967278,60
4294967278,59
4294967278,58
4294967278,332
4294967278,57
4294967278,56
4294967278,55
4294967278,54
4294967278,53
4294967279,83
4294967279,82
4294967279,79
4294967279,78
4294967279,77
4294967279,75
4294967279,543
4294967279,73
4294967279,72
4294967279,70
4294967279,69
4294967279,289
4294967279,67
4294967279,281
4294967279,66
4294967279,567
4294967279,64
4294967279,62
4294967279,60
4294967279,59
4294967279,58
4294967279,336
4294967279,57
4294967279,56
4294967279,55
4294967279,54
4294967279,53
4294967279,52
4294967279,51
4294967279,49
4294967279,47
4294967279,46
4294967279,218
4294967279,45
4294967279,44
4294967279,348
4294967279,288
4294967279,42
4294967279,267
4294967279,41
4294967279,38
4294967279,309
4294967279,37
4294967279,36
4294967279,33
4294967279,324
4294967279,32
4294967279,31
4294967279,347
4294967279,30
4294967279,345
4294967279,303
4294967279,27
4294967279,353
4294967279,352
4294967279,25
4294967279,325
4294967279,351
4294967279,22
4294967279,349
4294967279,21
4294967279,294
4294967279,344
4294967279,18
4294967279,12
4294967279,11
4294967279,10
4294967279,283
4294967279,279
4294967279,16
4294967279,321
4294967278,423
4294967279,264
4294967278,335
4294967279,13
4294967279,263
4294967279,262
4294967279,261
659,6
659,5
659,4
659,3
659,2
659,1
4294967279,331
4294967278,421
4294967278,256
4294967278,174
4294967279,254
4294967279,253
4294967278,258
4294967294,966
4294967278,257
4294967278,255
4294967279,373
4294967294,436
4294967278,366
4294967278,338
4294967278,244
4294967294,1413
4294967294,918
4294967294,962
4294967294,915
4294967294,419
4294967278,242
656,6
656,5
656,4
656,3
656,2
656,1
4294967278,266
4294967279,370
4294967279,383
4294967279,260
4294967278,228
4294967278,420
4294967278,226
4294967294,1419
4294967278,216
4294967278,211
4294967278,430
4294967278,207
4294967278,239
4294967278,206
4294967278,419
653,5
4294967278,201
653,4
653,3
653,2
653,1
4294967278,197
4294967278,384
4294967294,114
4294967278,193
4294967279,551
4294967278,422
651,6
4294967278,192
4294967279,356
4294967279,285
651,5
4294967279,190
651,4
4294967278,188
651,3
651,2
651,1
4294967278,389
4294967278,184
4294967294,396
4294967294,412
4294967294,178
4294967294,385
4294967294,177
4294967294,167
4294967294,402
4294967294,414
4294967294,191
4294967294,460
4294967294,118
4294967294,401
4294967294,180
4294967294,454
4294967278,334
650,5
4294967278,183
650,4
650,3
650,2
650,1
4294967294,120
4294967278,434
4294967278,355
4294967278,418
4294967279,176
649,5
649,4
649,3
649,2
649,1
4294967279,327
4294967279,168
4294967279,369
648,5
4294967279,167
648,4
648,3
648,2
648,1
4294967294,387
4294967294,386
4294967279,246
4294967278,417
4294967279,316
4294967278,416
4294967279,278
4294967294,469
4294967294,388
4294967294,44
4294967278,415
4294967279,135
4294967294,902
4294967294,38
4294967294,37
4294967279,368
4294967294,904
4294967294,162
4294967294,40
4294967294,41
4294967294,43
4294967294,1417
4294967294,426
4294967294,1416
4294967279,367
4294967294,107
4294967294,90
4294967294,86
4294967294,84
4294967294,53
4294967294,51
4294967294,52
4294967294,395
4294967294,99
4294967294,76
4294967294,969
4294967294,1414
4294967294,92
4294967294,88
16,2
4294967294,5
4294967278,130
4294967278,128
4294967278,127
4294967278,126
4294967278,125
4294967278,123
4294967278,122
4294967278,121
4294967278,120
4294967278,116
4294967278,114
4294967278,113
4294967278,112
4294967278,111
4294967278,110
4294967278,109
4294967278,106
4294967278,104
4294967278,103
4294967278,102
4294967278,101
4294967278,100
4294967278,99
4294967278,98
4294967278,97
4294967278,95
4294967278,92
4294967278,90
4294967278,89
4294967278,87
4294967278,86
4294967278,85
4294967278,84
4294967278,83
4294967278,82
4294967278,80
4294967278,76
4294967278,75
4294967278,74
4294967278,73
4294967278,71
4294967278,68
4294967278,67
4294967278,66
4294967278,65
4294967278,0
4294967279,81
4294967279,74
4294967279,68
4294967279,65
4294967279,63
4294967279,61
4294967279,50
4294967279,48
4294967279,34
4294967279,29
4294967279,28
4294967279,358
4294967279,26
4294967279,24
4294967279,23
4294967279,540
4294967279,375
4294967279,0
4294967279,20
4294967279,19
4294967279,547
4294967279,17
4294967279,9
4294967279,8
4294967279,7
4294967279,6
4294967279,5
4294967279,365
4294967279,15
4294967279,14
4294967279,293
4294967278,438
4294967279,363
4294967279,362
4294967279,275
4294967279,258
4294967279,257
645,6
645,5
4294967279,256
645,4
645,3
645,2
645,1
4294967279,255
4294967278,124
4294967279,4
4294967279,360
4294967278,132
4294967278,364
4294967278,131
4294967278,393
4294967278,368
4294967278,129
